source_key,source_name,source_version,country_code,admin1_code,scientific_name,source_taxon_id,accepted_name_usage,vernacular_name,language,script,region,rank,licence,source_url,citation,name_class,review_state,precision_tier,confidence,table_type
papilio_demoleus_multilingual_t5,Papilio demoleus multilingual T5,2026-07-static-v1,001,,Papilio demoleus,curated:papilio-demoleus,Papilio demoleus,Lime butterfly,eng,Latn,001,species,not_configured,,User-provided Papilio demoleus multilingual T5 table 2026-07-08,vernacular_alias,reviewed,medium,medium,D
papilio_demoleus_multilingual_t5,Papilio demoleus multilingual T5,2026-07-static-v1,001,,Papilio demoleus,curated:papilio-demoleus,Papilio demoleus,Common Lime Butterfly,eng,Latn,001,species,not_configured,,User-provided Papilio demoleus multilingual T5 table 2026-07-08,vernacular_alias,reviewed,medium,medium,D
papilio_demoleus_multilingual_t5,Papilio demoleus multilingual T5,2026-07-static-v1,001,,Papilio demoleus,curated:papilio-demoleus,Papilio demoleus,Lime Swallowtail,eng,Latn,001,species,not_configured,,User-provided Papilio demoleus multilingual T5 table 2026-07-08,vernacular_alias,reviewed,medium,medium,D
papilio_demoleus_multilingual_t5,Papilio demoleus multilingual T5,2026-07-static-v1,001,,Papilio demoleus,curated:papilio-demoleus,Papilio demoleus,Lemon Butterfly,eng,Latn,001,species,not_configured,,User-provided Papilio demoleus multilingual T5 table 2026-07-08,vernacular_alias,reviewed,medium,medium,D
papilio_demoleus_multilingual_t5,Papilio demoleus multilingual T5,2026-07-static-v1,001,,Papilio demoleus,curated:papilio-demoleus,Papilio demoleus,Citrus Swallowtail,eng,Latn,001,species,not_configured,,User-provided Papilio demoleus multilingual T5 table 2026-07-08,vernacular_alias,reviewed,medium,medium,D
papilio_demoleus_multilingual_t5,Papilio demoleus multilingual T5,2026-07-static-v1,001,,Papilio demoleus,curated:papilio-demoleus,Papilio demoleus,Chequered Swallowtail,eng,Latn,001,species,not_configured,,User-provided Papilio demoleus multilingual T5 table 2026-07-08,vernacular_alias,reviewed,medium,medium,D
papilio_demoleus_multilingual_t5,Papilio demoleus multilingual T5,2026-07-static-v1,001,,Papilio demoleus,curated:papilio-demoleus,Papilio demoleus,Checkered Swallowtail,eng,Latn,001,species,not_configured,,User-provided Papilio demoleus multilingual T5 table 2026-07-08,vernacular_alias,reviewed,medium,medium,D
papilio_demoleus_multilingual_t5,Papilio demoleus multilingual T5,2026-07-static-v1,001,,Papilio demoleus,curated:papilio-demoleus,Papilio demoleus,Voilier échiquier,fra,Latn,001,species,not_configured,,User-provided Papilio demoleus multilingual T5 table 2026-07-08,vernacular_alias,reviewed,medium,medium,D/T
papilio_demoleus_multilingual_t5,Papilio demoleus multilingual T5,2026-07-static-v1,001,,Papilio demoleus,curated:papilio-demoleus,Papilio demoleus,Voilier échiqueté,fra,Latn,001,species,not_configured,,User-provided Papilio demoleus multilingual T5 table 2026-07-08,vernacular_alias,reviewed,medium,medium,D/T
papilio_demoleus_multilingual_t5,Papilio demoleus multilingual T5,2026-07-static-v1,001,,Papilio demoleus,curated:papilio-demoleus,Papilio demoleus,Machaon à carreaux,fra,Latn,001,species,not_configured,,User-provided Papilio demoleus multilingual T5 table 2026-07-08,vernacular_alias,reviewed,medium,medium,D/T
papilio_demoleus_multilingual_t5,Papilio demoleus multilingual T5,2026-07-static-v1,001,,Papilio demoleus,curated:papilio-demoleus,Papilio demoleus,Machaon du citron vert,fra,Latn,001,species,not_configured,,User-provided Papilio demoleus multilingual T5 table 2026-07-08,vernacular_alias,reviewed,medium,medium,D/T
papilio_demoleus_multilingual_t5,Papilio demoleus multilingual T5,2026-07-static-v1,001,,Papilio demoleus,curated:papilio-demoleus,Papilio demoleus,Indischer Citrus-Schwalbenschwanz,deu,Latn,001,species,not_configured,,User-provided Papilio demoleus multilingual T5 table 2026-07-08,vernacular_alias,reviewed,medium,medium,D/T
papilio_demoleus_multilingual_t5,Papilio demoleus multilingual T5,2026-07-static-v1,001,,Papilio demoleus,curated:papilio-demoleus,Papilio demoleus,Citrus-Schwalbenschwanz,deu,Latn,001,species,not_configured,,User-provided Papilio demoleus multilingual T5 table 2026-07-08,vernacular_alias,reviewed,medium,medium,D/T
papilio_demoleus_multilingual_t5,Papilio demoleus multilingual T5,2026-07-static-v1,001,,Papilio demoleus,curated:papilio-demoleus,Papilio demoleus,Karierter Schwalbenschwanz,deu,Latn,001,species,not_configured,,User-provided Papilio demoleus multilingual T5 table 2026-07-08,vernacular_alias,reviewed,medium,medium,D/T
papilio_demoleus_multilingual_t5,Papilio demoleus multilingual T5,2026-07-static-v1,001,,Papilio demoleus,curated:papilio-demoleus,Papilio demoleus,Citruspillangó,hun,Latn,001,species,not_configured,,User-provided Papilio demoleus multilingual T5 table 2026-07-08,vernacular_alias,reviewed,medium,medium,D
papilio_demoleus_multilingual_t5,Papilio demoleus multilingual T5,2026-07-static-v1,001,,Papilio demoleus,curated:papilio-demoleus,Papilio demoleus,Kupu-kupu jeruk,ind,Latn,001,species,not_configured,,User-provided Papilio demoleus multilingual T5 table 2026-07-08,vernacular_alias,reviewed,medium,medium,D
papilio_demoleus_multilingual_t5,Papilio demoleus multilingual T5,2026-07-static-v1,001,,Papilio demoleus,curated:papilio-demoleus,Papilio demoleus,নেমুটেঙা পখিলা,asm,Beng,001,species,not_configured,,User-provided Papilio demoleus multilingual T5 table 2026-07-08,vernacular_alias,reviewed,medium,medium,D
papilio_demoleus_multilingual_t5,Papilio demoleus multilingual T5,2026-07-static-v1,001,,Papilio demoleus,curated:papilio-demoleus,Papilio demoleus,সাত ডোরা,ben,Beng,001,species,not_configured,,User-provided Papilio demoleus multilingual T5 table 2026-07-08,vernacular_alias,reviewed,medium,medium,D
papilio_demoleus_multilingual_t5,Papilio demoleus multilingual T5,2026-07-static-v1,001,,Papilio demoleus,curated:papilio-demoleus,Papilio demoleus,রুরু,ben,Beng,001,species,not_configured,,User-provided Papilio demoleus multilingual T5 table 2026-07-08,vernacular_alias,reviewed,medium,medium,D
papilio_demoleus_multilingual_t5,Papilio demoleus multilingual T5,2026-07-static-v1,001,,Papilio demoleus,curated:papilio-demoleus,Papilio demoleus,লেবুর প্রজাপতি,ben,Beng,001,species,not_configured,,User-provided Papilio demoleus multilingual T5 table 2026-07-08,vernacular_alias,reviewed,medium,medium,D
papilio_demoleus_multilingual_t5,Papilio demoleus multilingual T5,2026-07-static-v1,001,,Papilio demoleus,curated:papilio-demoleus,Papilio demoleus,നാരകശലഭം,mal,Mlym,001,species,not_configured,,User-provided Papilio demoleus multilingual T5 table 2026-07-08,vernacular_alias,reviewed,medium,medium,D
papilio_demoleus_multilingual_t5,Papilio demoleus multilingual T5,2026-07-static-v1,001,,Papilio demoleus,curated:papilio-demoleus,Papilio demoleus,നാരക ശലഭം,mal,Mlym,001,species,not_configured,,User-provided Papilio demoleus multilingual T5 table 2026-07-08,vernacular_alias,reviewed,medium,medium,D
papilio_demoleus_multilingual_t5,Papilio demoleus multilingual T5,2026-07-static-v1,001,,Papilio demoleus,curated:papilio-demoleus,Papilio demoleus,लिंबाळी,mar,Deva,001,species,not_configured,,User-provided Papilio demoleus multilingual T5 table 2026-07-08,vernacular_alias,reviewed,medium,medium,D
papilio_demoleus_multilingual_t5,Papilio demoleus multilingual T5,2026-07-static-v1,001,,Papilio demoleus,curated:papilio-demoleus,Papilio demoleus,எலுமிச்சை அழகி,tam,Taml,001,species,not_configured,,User-provided Papilio demoleus multilingual T5 table 2026-07-08,vernacular_alias,reviewed,medium,medium,D
papilio_demoleus_multilingual_t5,Papilio demoleus multilingual T5,2026-07-static-v1,001,,Papilio demoleus,curated:papilio-demoleus,Papilio demoleus,தேசி வண்ணத்துப் பூச்சி,tam,Taml,001,species,not_configured,,User-provided Papilio demoleus multilingual T5 table 2026-07-08,vernacular_alias,reviewed,medium,medium,D
papilio_demoleus_multilingual_t5,Papilio demoleus multilingual T5,2026-07-static-v1,001,,Papilio demoleus,curated:papilio-demoleus,Papilio demoleus,నిమ్మ చిలుక,tel,Telu,001,species,not_configured,,User-provided Papilio demoleus multilingual T5 table 2026-07-08,vernacular_alias,reviewed,medium,medium,D
papilio_demoleus_multilingual_t5,Papilio demoleus multilingual T5,2026-07-static-v1,001,,Papilio demoleus,curated:papilio-demoleus,Papilio demoleus,ผีเสื้อหนอนมะนาว,tha,Thai,001,species,not_configured,,User-provided Papilio demoleus multilingual T5 table 2026-07-08,vernacular_alias,reviewed,medium,medium,D
papilio_demoleus_multilingual_t5,Papilio demoleus multilingual T5,2026-07-static-v1,001,,Papilio demoleus,curated:papilio-demoleus,Papilio demoleus,オナシアゲハ,jpn,Jpan,001,species,not_configured,,User-provided Papilio demoleus multilingual T5 table 2026-07-08,vernacular_alias,reviewed,medium,medium,D
papilio_demoleus_multilingual_t5,Papilio demoleus multilingual T5,2026-07-static-v1,001,,Papilio demoleus,curated:papilio-demoleus,Papilio demoleus,花鳳蝶,zho,Hant,001,species,not_configured,,User-provided Papilio demoleus multilingual T5 table 2026-07-08,vernacular_alias,reviewed,medium,medium,D
papilio_demoleus_multilingual_t5,Papilio demoleus multilingual T5,2026-07-static-v1,001,,Papilio demoleus,curated:papilio-demoleus,Papilio demoleus,無尾鳳蝶,zho,Hant,001,species,not_configured,,User-provided Papilio demoleus multilingual T5 table 2026-07-08,vernacular_alias,reviewed,medium,medium,D
papilio_demoleus_multilingual_t5,Papilio demoleus multilingual T5,2026-07-static-v1,001,,Papilio demoleus,curated:papilio-demoleus,Papilio demoleus,黃斑鳳蝶,zho,Hant,001,species,not_configured,,User-provided Papilio demoleus multilingual T5 table 2026-07-08,vernacular_alias,reviewed,medium,medium,D
papilio_demoleus_multilingual_t5,Papilio demoleus multilingual T5,2026-07-static-v1,001,,Papilio demoleus,curated:papilio-demoleus,Papilio demoleus,達摩鳳蝶,zho,Hant,001,species,not_configured,,User-provided Papilio demoleus multilingual T5 table 2026-07-08,vernacular_alias,reviewed,medium,medium,D
papilio_demoleus_multilingual_t5,Papilio demoleus multilingual T5,2026-07-static-v1,001,,Papilio demoleus,curated:papilio-demoleus,Papilio demoleus,柑橘無尾鳳蝶,zho,Hant,001,species,not_configured,,User-provided Papilio demoleus multilingual T5 table 2026-07-08,vernacular_alias,reviewed,medium,medium,D
papilio_demoleus_multilingual_t5,Papilio demoleus multilingual T5,2026-07-static-v1,001,,Papilio demoleus,curated:papilio-demoleus,Papilio demoleus,花凤蝶,zho,Hans,001,species,not_configured,,User-provided Papilio demoleus multilingual T5 table 2026-07-08,vernacular_alias,reviewed,medium,medium,D
papilio_demoleus_multilingual_t5,Papilio demoleus multilingual T5,2026-07-static-v1,001,,Papilio demoleus,curated:papilio-demoleus,Papilio demoleus,无尾凤蝶,zho,Hans,001,species,not_configured,,User-provided Papilio demoleus multilingual T5 table 2026-07-08,vernacular_alias,reviewed,medium,medium,D
papilio_demoleus_multilingual_t5,Papilio demoleus multilingual T5,2026-07-static-v1,001,,Papilio demoleus,curated:papilio-demoleus,Papilio demoleus,黄斑凤蝶,zho,Hans,001,species,not_configured,,User-provided Papilio demoleus multilingual T5 table 2026-07-08,vernacular_alias,reviewed,medium,medium,D
papilio_demoleus_multilingual_t5,Papilio demoleus multilingual T5,2026-07-static-v1,001,,Papilio demoleus,curated:papilio-demoleus,Papilio demoleus,达摩凤蝶,zho,Hans,001,species,not_configured,,User-provided Papilio demoleus multilingual T5 table 2026-07-08,vernacular_alias,reviewed,medium,medium,D
papilio_demoleus_multilingual_t5,Papilio demoleus multilingual T5,2026-07-static-v1,001,,Papilio demoleus,curated:papilio-demoleus,Papilio demoleus,柑橘无尾凤蝶,zho,Hans,001,species,not_configured,,User-provided Papilio demoleus multilingual T5 table 2026-07-08,vernacular_alias,reviewed,medium,medium,D
papilio_demoleus_multilingual_t5,Papilio demoleus multilingual T5,2026-07-static-v1,001,,Papilio demoleus,curated:papilio-demoleus,Papilio demoleus,नींबू तितली,hin,Deva,001,species,not_configured,,User-provided Papilio demoleus multilingual T5 table 2026-07-08,vernacular_alias,reviewed,medium,medium,D
papilio_demoleus_multilingual_t5,Papilio demoleus multilingual T5,2026-07-static-v1,001,,Papilio demoleus,curated:papilio-demoleus,Papilio demoleus,साइट्रस तितली,hin,Deva,001,species,not_configured,,User-provided Papilio demoleus multilingual T5 table 2026-07-08,vernacular_alias,reviewed,medium,medium,D
papilio_demoleus_multilingual_t5,Papilio demoleus multilingual T5,2026-07-static-v1,001,,Papilio demoleus,curated:papilio-demoleus,Papilio demoleus,ଲେମ୍ବୁ ପ୍ରଜାପତି,ori,Orya,001,species,not_configured,,User-provided Papilio demoleus multilingual T5 table 2026-07-08,vernacular_alias,reviewed,medium,medium,D
papilio_demoleus_multilingual_t5,Papilio demoleus multilingual T5,2026-07-static-v1,001,,Papilio demoleus,curated:papilio-demoleus,Papilio demoleus,දෙහි සමනලයා,sin,Sinh,001,species,not_configured,,User-provided Papilio demoleus multilingual T5 table 2026-07-08,vernacular_alias,reviewed,medium,medium,D/T
papilio_demoleus_multilingual_t5,Papilio demoleus multilingual T5,2026-07-static-v1,001,,Papilio demoleus,curated:papilio-demoleus,Papilio demoleus,පැඟිරි පැපිලියා,sin,Sinh,001,species,not_configured,,User-provided Papilio demoleus multilingual T5 table 2026-07-08,vernacular_alias,reviewed,medium,medium,D/T
papilio_demoleus_multilingual_t5,Papilio demoleus multilingual T5,2026-07-static-v1,001,,Papilio demoleus,curated:papilio-demoleus,Papilio demoleus,දෙහිරිසියා,sin,Sinh,001,species,not_configured,,User-provided Papilio demoleus multilingual T5 table 2026-07-08,vernacular_alias,reviewed,medium,medium,D/T
papilio_demoleus_multilingual_t5,Papilio demoleus multilingual T5,2026-07-static-v1,001,,Papilio demoleus,curated:papilio-demoleus,Papilio demoleus,ನಿಂಬೆ ಚಿಟ್ಟೆ,kan,Knda,001,species,not_configured,,User-provided Papilio demoleus multilingual T5 table 2026-07-08,vernacular_alias,reviewed,medium,medium,D/T
papilio_demoleus_multilingual_t5,Papilio demoleus multilingual T5,2026-07-static-v1,001,,Papilio demoleus,curated:papilio-demoleus,Papilio demoleus,ಸಿಟ್ರಸ್ ಚಿಟ್ಟೆ,kan,Knda,001,species,not_configured,,User-provided Papilio demoleus multilingual T5 table 2026-07-08,vernacular_alias,reviewed,medium,medium,D/T
papilio_demoleus_multilingual_t5,Papilio demoleus multilingual T5,2026-07-static-v1,001,,Papilio demoleus,curated:papilio-demoleus,Papilio demoleus,Bướm phượng vàng,vie,Latn,001,species,not_configured,,User-provided Papilio demoleus multilingual T5 table 2026-07-08,vernacular_alias,reviewed,medium,medium,D/T
papilio_demoleus_multilingual_t5,Papilio demoleus multilingual T5,2026-07-static-v1,001,,Papilio demoleus,curated:papilio-demoleus,Papilio demoleus,bướm chanh,vie,Latn,001,species,not_configured,,User-provided Papilio demoleus multilingual T5 table 2026-07-08,vernacular_alias,reviewed,medium,medium,D/T
papilio_demoleus_multilingual_t5,Papilio demoleus multilingual T5,2026-07-static-v1,001,,Papilio demoleus,curated:papilio-demoleus,Papilio demoleus,bướm cam chanh,vie,Latn,001,species,not_configured,,User-provided Papilio demoleus multilingual T5 table 2026-07-08,vernacular_alias,reviewed,medium,medium,D/T
papilio_demoleus_multilingual_t5,Papilio demoleus multilingual T5,2026-07-static-v1,001,,Papilio demoleus,curated:papilio-demoleus,Papilio demoleus,Mariposa de la lima,spa,Latn,001,species,not_configured,,User-provided Papilio demoleus multilingual T5 table 2026-07-08,generated_translation,reviewed,medium,medium,T
papilio_demoleus_multilingual_t5,Papilio demoleus multilingual T5,2026-07-static-v1,001,,Papilio demoleus,curated:papilio-demoleus,Papilio demoleus,mariposa de los cítricos,spa,Latn,001,species,not_configured,,User-provided Papilio demoleus multilingual T5 table 2026-07-08,generated_translation,reviewed,medium,medium,T
papilio_demoleus_multilingual_t5,Papilio demoleus multilingual T5,2026-07-static-v1,001,,Papilio demoleus,curated:papilio-demoleus,Papilio demoleus,cola de golondrina de la lima,spa,Latn,001,species,not_configured,,User-provided Papilio demoleus multilingual T5 table 2026-07-08,generated_translation,reviewed,medium,medium,T
papilio_demoleus_multilingual_t5,Papilio demoleus multilingual T5,2026-07-static-v1,001,,Papilio demoleus,curated:papilio-demoleus,Papilio demoleus,Borboleta-da-lima,por,Latn,001,species,not_configured,,User-provided Papilio demoleus multilingual T5 table 2026-07-08,generated_translation,reviewed,medium,medium,T
papilio_demoleus_multilingual_t5,Papilio demoleus multilingual T5,2026-07-static-v1,001,,Papilio demoleus,curated:papilio-demoleus,Papilio demoleus,borboleta-dos-citrinos,por,Latn,001,species,not_configured,,User-provided Papilio demoleus multilingual T5 table 2026-07-08,generated_translation,reviewed,medium,medium,T
papilio_demoleus_multilingual_t5,Papilio demoleus multilingual T5,2026-07-static-v1,001,,Papilio demoleus,curated:papilio-demoleus,Papilio demoleus,rabo-de-andorinha-da-lima,por,Latn,001,species,not_configured,,User-provided Papilio demoleus multilingual T5 table 2026-07-08,generated_translation,reviewed,medium,medium,T
papilio_demoleus_multilingual_t5,Papilio demoleus multilingual T5,2026-07-static-v1,001,,Papilio demoleus,curated:papilio-demoleus,Papilio demoleus,Farfalla del lime,ita,Latn,001,species,not_configured,,User-provided Papilio demoleus multilingual T5 table 2026-07-08,generated_translation,reviewed,medium,medium,T
papilio_demoleus_multilingual_t5,Papilio demoleus multilingual T5,2026-07-static-v1,001,,Papilio demoleus,curated:papilio-demoleus,Papilio demoleus,macaone degli agrumi,ita,Latn,001,species,not_configured,,User-provided Papilio demoleus multilingual T5 table 2026-07-08,generated_translation,reviewed,medium,medium,T
papilio_demoleus_multilingual_t5,Papilio demoleus multilingual T5,2026-07-static-v1,001,,Papilio demoleus,curated:papilio-demoleus,Papilio demoleus,Limoenvlinder,nld,Latn,001,species,not_configured,,User-provided Papilio demoleus multilingual T5 table 2026-07-08,generated_translation,reviewed,medium,medium,T
papilio_demoleus_multilingual_t5,Papilio demoleus multilingual T5,2026-07-static-v1,001,,Papilio demoleus,curated:papilio-demoleus,Papilio demoleus,citrusvlinder,nld,Latn,001,species,not_configured,,User-provided Papilio demoleus multilingual T5 table 2026-07-08,generated_translation,reviewed,medium,medium,T
papilio_demoleus_multilingual_t5,Papilio demoleus multilingual T5,2026-07-static-v1,001,,Papilio demoleus,curated:papilio-demoleus,Papilio demoleus,limoenpage,nld,Latn,001,species,not_configured,,User-provided Papilio demoleus multilingual T5 table 2026-07-08,generated_translation,reviewed,medium,medium,T
papilio_demoleus_multilingual_t5,Papilio demoleus multilingual T5,2026-07-static-v1,001,,Papilio demoleus,curated:papilio-demoleus,Papilio demoleus,Limefjäril,swe,Latn,001,species,not_configured,,User-provided Papilio demoleus multilingual T5 table 2026-07-08,generated_translation,reviewed,medium,medium,T
papilio_demoleus_multilingual_t5,Papilio demoleus multilingual T5,2026-07-static-v1,001,,Papilio demoleus,curated:papilio-demoleus,Papilio demoleus,citrusfjäril,swe,Latn,001,species,not_configured,,User-provided Papilio demoleus multilingual T5 table 2026-07-08,generated_translation,reviewed,medium,medium,T
papilio_demoleus_multilingual_t5,Papilio demoleus multilingual T5,2026-07-static-v1,001,,Papilio demoleus,curated:papilio-demoleus,Papilio demoleus,Lime-sommerfugl,nob,Latn,001,species,not_configured,,User-provided Papilio demoleus multilingual T5 table 2026-07-08,generated_translation,reviewed,medium,medium,T
papilio_demoleus_multilingual_t5,Papilio demoleus multilingual T5,2026-07-static-v1,001,,Papilio demoleus,curated:papilio-demoleus,Papilio demoleus,sitrussommerfugl,nob,Latn,001,species,not_configured,,User-provided Papilio demoleus multilingual T5 table 2026-07-08,generated_translation,reviewed,medium,medium,T
papilio_demoleus_multilingual_t5,Papilio demoleus multilingual T5,2026-07-static-v1,001,,Papilio demoleus,curated:papilio-demoleus,Papilio demoleus,Lime-sommerfugl,dan,Latn,001,species,not_configured,,User-provided Papilio demoleus multilingual T5 table 2026-07-08,generated_translation,reviewed,medium,medium,T
papilio_demoleus_multilingual_t5,Papilio demoleus multilingual T5,2026-07-static-v1,001,,Papilio demoleus,curated:papilio-demoleus,Papilio demoleus,citrus-sommerfugl,dan,Latn,001,species,not_configured,,User-provided Papilio demoleus multilingual T5 table 2026-07-08,generated_translation,reviewed,medium,medium,T
papilio_demoleus_multilingual_t5,Papilio demoleus multilingual T5,2026-07-static-v1,001,,Papilio demoleus,curated:papilio-demoleus,Papilio demoleus,Limettiperhonen,fin,Latn,001,species,not_configured,,User-provided Papilio demoleus multilingual T5 table 2026-07-08,generated_translation,reviewed,medium,medium,T
papilio_demoleus_multilingual_t5,Papilio demoleus multilingual T5,2026-07-static-v1,001,,Papilio demoleus,curated:papilio-demoleus,Papilio demoleus,sitrusperhonen,fin,Latn,001,species,not_configured,,User-provided Papilio demoleus multilingual T5 table 2026-07-08,generated_translation,reviewed,medium,medium,T
papilio_demoleus_multilingual_t5,Papilio demoleus multilingual T5,2026-07-static-v1,001,,Papilio demoleus,curated:papilio-demoleus,Papilio demoleus,Límónufiðrildi,isl,Latn,001,species,not_configured,,User-provided Papilio demoleus multilingual T5 table 2026-07-08,generated_translation,reviewed,medium,medium,T
papilio_demoleus_multilingual_t5,Papilio demoleus multilingual T5,2026-07-static-v1,001,,Papilio demoleus,curated:papilio-demoleus,Papilio demoleus,sítrusfiðrildi,isl,Latn,001,species,not_configured,,User-provided Papilio demoleus multilingual T5 table 2026-07-08,generated_translation,reviewed,medium,medium,T
papilio_demoleus_multilingual_t5,Papilio demoleus multilingual T5,2026-07-static-v1,001,,Papilio demoleus,curated:papilio-demoleus,Papilio demoleus,Motyl limonkowy,pol,Latn,001,species,not_configured,,User-provided Papilio demoleus multilingual T5 table 2026-07-08,generated_translation,reviewed,medium,medium,T
papilio_demoleus_multilingual_t5,Papilio demoleus multilingual T5,2026-07-static-v1,001,,Papilio demoleus,curated:papilio-demoleus,Papilio demoleus,motyl cytrusowy,pol,Latn,001,species,not_configured,,User-provided Papilio demoleus multilingual T5 table 2026-07-08,generated_translation,reviewed,medium,medium,T
papilio_demoleus_multilingual_t5,Papilio demoleus multilingual T5,2026-07-static-v1,001,,Papilio demoleus,curated:papilio-demoleus,Papilio demoleus,Limetkový motýl,ces,Latn,001,species,not_configured,,User-provided Papilio demoleus multilingual T5 table 2026-07-08,generated_translation,reviewed,medium,medium,T
papilio_demoleus_multilingual_t5,Papilio demoleus multilingual T5,2026-07-static-v1,001,,Papilio demoleus,curated:papilio-demoleus,Papilio demoleus,citrusový motýl,ces,Latn,001,species,not_configured,,User-provided Papilio demoleus multilingual T5 table 2026-07-08,generated_translation,reviewed,medium,medium,T
papilio_demoleus_multilingual_t5,Papilio demoleus multilingual T5,2026-07-static-v1,001,,Papilio demoleus,curated:papilio-demoleus,Papilio demoleus,Limetkový motýľ,slk,Latn,001,species,not_configured,,User-provided Papilio demoleus multilingual T5 table 2026-07-08,generated_translation,reviewed,medium,medium,T
papilio_demoleus_multilingual_t5,Papilio demoleus multilingual T5,2026-07-static-v1,001,,Papilio demoleus,curated:papilio-demoleus,Papilio demoleus,citrusový motýľ,slk,Latn,001,species,not_configured,,User-provided Papilio demoleus multilingual T5 table 2026-07-08,generated_translation,reviewed,medium,medium,T
papilio_demoleus_multilingual_t5,Papilio demoleus multilingual T5,2026-07-static-v1,001,,Papilio demoleus,curated:papilio-demoleus,Papilio demoleus,Metulj limete,slv,Latn,001,species,not_configured,,User-provided Papilio demoleus multilingual T5 table 2026-07-08,generated_translation,reviewed,medium,medium,T
papilio_demoleus_multilingual_t5,Papilio demoleus multilingual T5,2026-07-static-v1,001,,Papilio demoleus,curated:papilio-demoleus,Papilio demoleus,citrusni metulj,slv,Latn,001,species,not_configured,,User-provided Papilio demoleus multilingual T5 table 2026-07-08,generated_translation,reviewed,medium,medium,T
papilio_demoleus_multilingual_t5,Papilio demoleus multilingual T5,2026-07-static-v1,001,,Papilio demoleus,curated:papilio-demoleus,Papilio demoleus,Leptir limete,hrv,Latn,001,species,not_configured,,User-provided Papilio demoleus multilingual T5 table 2026-07-08,generated_translation,reviewed,medium,medium,T
papilio_demoleus_multilingual_t5,Papilio demoleus multilingual T5,2026-07-static-v1,001,,Papilio demoleus,curated:papilio-demoleus,Papilio demoleus,citrusni leptir,hrv,Latn,001,species,not_configured,,User-provided Papilio demoleus multilingual T5 table 2026-07-08,generated_translation,reviewed,medium,medium,T
papilio_demoleus_multilingual_t5,Papilio demoleus multilingual T5,2026-07-static-v1,001,,Papilio demoleus,curated:papilio-demoleus,Papilio demoleus,лептир лимете,srp,Cyrl,001,species,not_configured,,User-provided Papilio demoleus multilingual T5 table 2026-07-08,generated_translation,reviewed,medium,medium,T
papilio_demoleus_multilingual_t5,Papilio demoleus multilingual T5,2026-07-static-v1,001,,Papilio demoleus,curated:papilio-demoleus,Papilio demoleus,цитрусни лептир,srp,Cyrl,001,species,not_configured,,User-provided Papilio demoleus multilingual T5 table 2026-07-08,generated_translation,reviewed,medium,medium,T
papilio_demoleus_multilingual_t5,Papilio demoleus multilingual T5,2026-07-static-v1,001,,Papilio demoleus,curated:papilio-demoleus,Papilio demoleus,Leptir limete,bos,Latn,001,species,not_configured,,User-provided Papilio demoleus multilingual T5 table 2026-07-08,generated_translation,reviewed,medium,medium,T
papilio_demoleus_multilingual_t5,Papilio demoleus multilingual T5,2026-07-static-v1,001,,Papilio demoleus,curated:papilio-demoleus,Papilio demoleus,citrusni leptir,bos,Latn,001,species,not_configured,,User-provided Papilio demoleus multilingual T5 table 2026-07-08,generated_translation,reviewed,medium,medium,T
papilio_demoleus_multilingual_t5,Papilio demoleus multilingual T5,2026-07-static-v1,001,,Papilio demoleus,curated:papilio-demoleus,Papilio demoleus,Leptir limete,cnr,Latn,001,species,not_configured,,User-provided Papilio demoleus multilingual T5 table 2026-07-08,generated_translation,reviewed,medium,medium,T
papilio_demoleus_multilingual_t5,Papilio demoleus multilingual T5,2026-07-static-v1,001,,Papilio demoleus,curated:papilio-demoleus,Papilio demoleus,citrusni leptir,cnr,Latn,001,species,not_configured,,User-provided Papilio demoleus multilingual T5 table 2026-07-08,generated_translation,reviewed,medium,medium,T
papilio_demoleus_multilingual_t5,Papilio demoleus multilingual T5,2026-07-static-v1,001,,Papilio demoleus,curated:papilio-demoleus,Papilio demoleus,пеперуда на лайма,bul,Cyrl,001,species,not_configured,,User-provided Papilio demoleus multilingual T5 table 2026-07-08,generated_translation,reviewed,medium,medium,T
papilio_demoleus_multilingual_t5,Papilio demoleus multilingual T5,2026-07-static-v1,001,,Papilio demoleus,curated:papilio-demoleus,Papilio demoleus,цитрусова пеперуда,bul,Cyrl,001,species,not_configured,,User-provided Papilio demoleus multilingual T5 table 2026-07-08,generated_translation,reviewed,medium,medium,T
papilio_demoleus_multilingual_t5,Papilio demoleus multilingual T5,2026-07-static-v1,001,,Papilio demoleus,curated:papilio-demoleus,Papilio demoleus,пеперутка на лајм,mkd,Cyrl,001,species,not_configured,,User-provided Papilio demoleus multilingual T5 table 2026-07-08,generated_translation,reviewed,medium,medium,T
papilio_demoleus_multilingual_t5,Papilio demoleus multilingual T5,2026-07-static-v1,001,,Papilio demoleus,curated:papilio-demoleus,Papilio demoleus,цитрусна пеперутка,mkd,Cyrl,001,species,not_configured,,User-provided Papilio demoleus multilingual T5 table 2026-07-08,generated_translation,reviewed,medium,medium,T
papilio_demoleus_multilingual_t5,Papilio demoleus multilingual T5,2026-07-static-v1,001,,Papilio demoleus,curated:papilio-demoleus,Papilio demoleus,лаймовая бабочка,rus,Cyrl,001,species,not_configured,,User-provided Papilio demoleus multilingual T5 table 2026-07-08,generated_translation,reviewed,medium,medium,T
papilio_demoleus_multilingual_t5,Papilio demoleus multilingual T5,2026-07-static-v1,001,,Papilio demoleus,curated:papilio-demoleus,Papilio demoleus,цитрусовая бабочка,rus,Cyrl,001,species,not_configured,,User-provided Papilio demoleus multilingual T5 table 2026-07-08,generated_translation,reviewed,medium,medium,T
papilio_demoleus_multilingual_t5,Papilio demoleus multilingual T5,2026-07-static-v1,001,,Papilio demoleus,curated:papilio-demoleus,Papilio demoleus,лаймовий метелик,ukr,Cyrl,001,species,not_configured,,User-provided Papilio demoleus multilingual T5 table 2026-07-08,generated_translation,reviewed,medium,medium,T
papilio_demoleus_multilingual_t5,Papilio demoleus multilingual T5,2026-07-static-v1,001,,Papilio demoleus,curated:papilio-demoleus,Papilio demoleus,цитрусовий метелик,ukr,Cyrl,001,species,not_configured,,User-provided Papilio demoleus multilingual T5 table 2026-07-08,generated_translation,reviewed,medium,medium,T
papilio_demoleus_multilingual_t5,Papilio demoleus multilingual T5,2026-07-static-v1,001,,Papilio demoleus,curated:papilio-demoleus,Papilio demoleus,матылёк лайма,bel,Cyrl,001,species,not_configured,,User-provided Papilio demoleus multilingual T5 table 2026-07-08,generated_translation,reviewed,medium,medium,T
papilio_demoleus_multilingual_t5,Papilio demoleus multilingual T5,2026-07-static-v1,001,,Papilio demoleus,curated:papilio-demoleus,Papilio demoleus,цытрусавы матылёк,bel,Cyrl,001,species,not_configured,,User-provided Papilio demoleus multilingual T5 table 2026-07-08,generated_translation,reviewed,medium,medium,T
papilio_demoleus_multilingual_t5,Papilio demoleus multilingual T5,2026-07-static-v1,001,,Papilio demoleus,curated:papilio-demoleus,Papilio demoleus,Laimo drugys,lit,Latn,001,species,not_configured,,User-provided Papilio demoleus multilingual T5 table 2026-07-08,generated_translation,reviewed,medium,medium,T
papilio_demoleus_multilingual_t5,Papilio demoleus multilingual T5,2026-07-static-v1,001,,Papilio demoleus,curated:papilio-demoleus,Papilio demoleus,citrusinis drugys,lit,Latn,001,species,not_configured,,User-provided Papilio demoleus multilingual T5 table 2026-07-08,generated_translation,reviewed,medium,medium,T
papilio_demoleus_multilingual_t5,Papilio demoleus multilingual T5,2026-07-static-v1,001,,Papilio demoleus,curated:papilio-demoleus,Papilio demoleus,Laima tauriņš,lav,Latn,001,species,not_configured,,User-provided Papilio demoleus multilingual T5 table 2026-07-08,generated_translation,reviewed,medium,medium,T
papilio_demoleus_multilingual_t5,Papilio demoleus multilingual T5,2026-07-static-v1,001,,Papilio demoleus,curated:papilio-demoleus,Papilio demoleus,citrusu tauriņš,lav,Latn,001,species,not_configured,,User-provided Papilio demoleus multilingual T5 table 2026-07-08,generated_translation,reviewed,medium,medium,T
papilio_demoleus_multilingual_t5,Papilio demoleus multilingual T5,2026-07-static-v1,001,,Papilio demoleus,curated:papilio-demoleus,Papilio demoleus,Laimiliblikas,est,Latn,001,species,not_configured,,User-provided Papilio demoleus multilingual T5 table 2026-07-08,generated_translation,reviewed,medium,medium,T
papilio_demoleus_multilingual_t5,Papilio demoleus multilingual T5,2026-07-static-v1,001,,Papilio demoleus,curated:papilio-demoleus,Papilio demoleus,tsitruseliblikas,est,Latn,001,species,not_configured,,User-provided Papilio demoleus multilingual T5 table 2026-07-08,generated_translation,reviewed,medium,medium,T
papilio_demoleus_multilingual_t5,Papilio demoleus multilingual T5,2026-07-static-v1,001,,Papilio demoleus,curated:papilio-demoleus,Papilio demoleus,Πεταλούδα του λάιμ,ell,Grek,001,species,not_configured,,User-provided Papilio demoleus multilingual T5 table 2026-07-08,generated_translation,reviewed,medium,medium,T
papilio_demoleus_multilingual_t5,Papilio demoleus multilingual T5,2026-07-static-v1,001,,Papilio demoleus,curated:papilio-demoleus,Papilio demoleus,πεταλούδα των εσπεριδοειδών,ell,Grek,001,species,not_configured,,User-provided Papilio demoleus multilingual T5 table 2026-07-08,generated_translation,reviewed,medium,medium,T
papilio_demoleus_multilingual_t5,Papilio demoleus multilingual T5,2026-07-static-v1,001,,Papilio demoleus,curated:papilio-demoleus,Papilio demoleus,Misket limonu kelebeği,tur,Latn,001,species,not_configured,,User-provided Papilio demoleus multilingual T5 table 2026-07-08,generated_translation,reviewed,medium,medium,T
papilio_demoleus_multilingual_t5,Papilio demoleus multilingual T5,2026-07-static-v1,001,,Papilio demoleus,curated:papilio-demoleus,Papilio demoleus,turunçgil kelebeği,tur,Latn,001,species,not_configured,,User-provided Papilio demoleus multilingual T5 table 2026-07-08,generated_translation,reviewed,medium,medium,T
papilio_demoleus_multilingual_t5,Papilio demoleus multilingual T5,2026-07-static-v1,001,,Papilio demoleus,curated:papilio-demoleus,Papilio demoleus,Laym kəpənəyi,aze,Latn,001,species,not_configured,,User-provided Papilio demoleus multilingual T5 table 2026-07-08,generated_translation,reviewed,medium,medium,T
papilio_demoleus_multilingual_t5,Papilio demoleus multilingual T5,2026-07-static-v1,001,,Papilio demoleus,curated:papilio-demoleus,Papilio demoleus,sitrus kəpənəyi,aze,Latn,001,species,not_configured,,User-provided Papilio demoleus multilingual T5 table 2026-07-08,generated_translation,reviewed,medium,medium,T
papilio_demoleus_multilingual_t5,Papilio demoleus multilingual T5,2026-07-static-v1,001,,Papilio demoleus,curated:papilio-demoleus,Papilio demoleus,լայմի թիթեռ,hye,Armn,001,species,not_configured,,User-provided Papilio demoleus multilingual T5 table 2026-07-08,generated_translation,reviewed,medium,medium,T
papilio_demoleus_multilingual_t5,Papilio demoleus multilingual T5,2026-07-static-v1,001,,Papilio demoleus,curated:papilio-demoleus,Papilio demoleus,ցիտրուսային թիթեռ,hye,Armn,001,species,not_configured,,User-provided Papilio demoleus multilingual T5 table 2026-07-08,generated_translation,reviewed,medium,medium,T
papilio_demoleus_multilingual_t5,Papilio demoleus multilingual T5,2026-07-static-v1,001,,Papilio demoleus,curated:papilio-demoleus,Papilio demoleus,ლაიმის პეპელა,kat,Geor,001,species,not_configured,,User-provided Papilio demoleus multilingual T5 table 2026-07-08,generated_translation,reviewed,medium,medium,T
papilio_demoleus_multilingual_t5,Papilio demoleus multilingual T5,2026-07-static-v1,001,,Papilio demoleus,curated:papilio-demoleus,Papilio demoleus,ციტრუსის პეპელა,kat,Geor,001,species,not_configured,,User-provided Papilio demoleus multilingual T5 table 2026-07-08,generated_translation,reviewed,medium,medium,T
papilio_demoleus_multilingual_t5,Papilio demoleus multilingual T5,2026-07-static-v1,001,,Papilio demoleus,curated:papilio-demoleus,Papilio demoleus,فراشة الليمون الأخضر,ara,Arab,001,species,not_configured,,User-provided Papilio demoleus multilingual T5 table 2026-07-08,generated_translation,reviewed,medium,medium,T
papilio_demoleus_multilingual_t5,Papilio demoleus multilingual T5,2026-07-static-v1,001,,Papilio demoleus,curated:papilio-demoleus,Papilio demoleus,فراشة الحمضيات,ara,Arab,001,species,not_configured,,User-provided Papilio demoleus multilingual T5 table 2026-07-08,generated_translation,reviewed,medium,medium,T
papilio_demoleus_multilingual_t5,Papilio demoleus multilingual T5,2026-07-static-v1,001,,Papilio demoleus,curated:papilio-demoleus,Papilio demoleus,پروانه لیموترش,fas,Arab,001,species,not_configured,,User-provided Papilio demoleus multilingual T5 table 2026-07-08,generated_translation,reviewed,medium,medium,T
papilio_demoleus_multilingual_t5,Papilio demoleus multilingual T5,2026-07-static-v1,001,,Papilio demoleus,curated:papilio-demoleus,Papilio demoleus,پروانه مرکبات,fas,Arab,001,species,not_configured,,User-provided Papilio demoleus multilingual T5 table 2026-07-08,generated_translation,reviewed,medium,medium,T
papilio_demoleus_multilingual_t5,Papilio demoleus multilingual T5,2026-07-static-v1,001,,Papilio demoleus,curated:papilio-demoleus,Papilio demoleus,لیموں کی تتلی,urd,Arab,001,species,not_configured,,User-provided Papilio demoleus multilingual T5 table 2026-07-08,generated_translation,reviewed,medium,medium,T
papilio_demoleus_multilingual_t5,Papilio demoleus multilingual T5,2026-07-static-v1,001,,Papilio demoleus,curated:papilio-demoleus,Papilio demoleus,ترش پھلوں کی تتلی,urd,Arab,001,species,not_configured,,User-provided Papilio demoleus multilingual T5 table 2026-07-08,generated_translation,reviewed,medium,medium,T
papilio_demoleus_multilingual_t5,Papilio demoleus multilingual T5,2026-07-static-v1,001,,Papilio demoleus,curated:papilio-demoleus,Papilio demoleus,د لیمو تیتلی,pus,Arab,001,species,not_configured,,User-provided Papilio demoleus multilingual T5 table 2026-07-08,generated_translation,reviewed,medium,medium,T
papilio_demoleus_multilingual_t5,Papilio demoleus multilingual T5,2026-07-static-v1,001,,Papilio demoleus,curated:papilio-demoleus,Papilio demoleus,د ستروسو تیتلی,pus,Arab,001,species,not_configured,,User-provided Papilio demoleus multilingual T5 table 2026-07-08,generated_translation,reviewed,medium,medium,T
papilio_demoleus_multilingual_t5,Papilio demoleus multilingual T5,2026-07-static-v1,001,,Papilio demoleus,curated:papilio-demoleus,Papilio demoleus,ਨਿੰਬੂ ਤਿਤਲੀ,pan,Guru,001,species,not_configured,,User-provided Papilio demoleus multilingual T5 table 2026-07-08,generated_translation,reviewed,medium,medium,T
papilio_demoleus_multilingual_t5,Papilio demoleus multilingual T5,2026-07-static-v1,001,,Papilio demoleus,curated:papilio-demoleus,Papilio demoleus,ਸਿਟਰਸ ਤਿਤਲੀ,pan,Guru,001,species,not_configured,,User-provided Papilio demoleus multilingual T5 table 2026-07-08,generated_translation,reviewed,medium,medium,T
papilio_demoleus_multilingual_t5,Papilio demoleus multilingual T5,2026-07-static-v1,001,,Papilio demoleus,curated:papilio-demoleus,Papilio demoleus,લીંબુ પતંગિયું,guj,Gujr,001,species,not_configured,,User-provided Papilio demoleus multilingual T5 table 2026-07-08,generated_translation,reviewed,medium,medium,T
papilio_demoleus_multilingual_t5,Papilio demoleus multilingual T5,2026-07-static-v1,001,,Papilio demoleus,curated:papilio-demoleus,Papilio demoleus,સિટ્રસ પતંગિયું,guj,Gujr,001,species,not_configured,,User-provided Papilio demoleus multilingual T5 table 2026-07-08,generated_translation,reviewed,medium,medium,T
papilio_demoleus_multilingual_t5,Papilio demoleus multilingual T5,2026-07-static-v1,001,,Papilio demoleus,curated:papilio-demoleus,Papilio demoleus,कागती पुतली,nep,Deva,001,species,not_configured,,User-provided Papilio demoleus multilingual T5 table 2026-07-08,generated_translation,reviewed,medium,medium,T
papilio_demoleus_multilingual_t5,Papilio demoleus multilingual T5,2026-07-static-v1,001,,Papilio demoleus,curated:papilio-demoleus,Papilio demoleus,सिट्रस पुतली,nep,Deva,001,species,not_configured,,User-provided Papilio demoleus multilingual T5 table 2026-07-08,generated_translation,reviewed,medium,medium,T
papilio_demoleus_multilingual_t5,Papilio demoleus multilingual T5,2026-07-static-v1,001,,Papilio demoleus,curated:papilio-demoleus,Papilio demoleus,निम्बूकतितली,san,Deva,001,species,not_configured,,User-provided Papilio demoleus multilingual T5 table 2026-07-08,generated_translation,reviewed,medium,medium,T
papilio_demoleus_multilingual_t5,Papilio demoleus multilingual T5,2026-07-static-v1,001,,Papilio demoleus,curated:papilio-demoleus,Papilio demoleus,जम्बीरकतितली,san,Deva,001,species,not_configured,,User-provided Papilio demoleus multilingual T5 table 2026-07-08,generated_translation,reviewed,medium,medium,T
papilio_demoleus_multilingual_t5,Papilio demoleus multilingual T5,2026-07-static-v1,001,,Papilio demoleus,curated:papilio-demoleus,Papilio demoleus,लिंबू फुलपाखरू,kok,Deva,001,species,not_configured,,User-provided Papilio demoleus multilingual T5 table 2026-07-08,generated_translation,reviewed,medium,medium,T
papilio_demoleus_multilingual_t5,Papilio demoleus multilingual T5,2026-07-static-v1,001,,Papilio demoleus,curated:papilio-demoleus,Papilio demoleus,सिट्रस फुलपाखरू,kok,Deva,001,species,not_configured,,User-provided Papilio demoleus multilingual T5 table 2026-07-08,generated_translation,reviewed,medium,medium,T
papilio_demoleus_multilingual_t5,Papilio demoleus multilingual T5,2026-07-static-v1,001,,Papilio demoleus,curated:papilio-demoleus,Papilio demoleus,لیمٛب تُتلی,kas,Arab,001,species,not_configured,,User-provided Papilio demoleus multilingual T5 table 2026-07-08,generated_translation,reviewed,medium,medium,T
papilio_demoleus_multilingual_t5,Papilio demoleus multilingual T5,2026-07-static-v1,001,,Papilio demoleus,curated:papilio-demoleus,Papilio demoleus,سِٹرس تُتلی,kas,Arab,001,species,not_configured,,User-provided Papilio demoleus multilingual T5 table 2026-07-08,generated_translation,reviewed,medium,medium,T
papilio_demoleus_multilingual_t5,Papilio demoleus multilingual T5,2026-07-static-v1,001,,Papilio demoleus,curated:papilio-demoleus,Papilio demoleus,लेम्बु बिथोबि,brx,Deva,001,species,not_configured,,User-provided Papilio demoleus multilingual T5 table 2026-07-08,generated_translation,reviewed,medium,medium,T
papilio_demoleus_multilingual_t5,Papilio demoleus multilingual T5,2026-07-static-v1,001,,Papilio demoleus,curated:papilio-demoleus,Papilio demoleus,नेबू पुतरी,mai,Deva,001,species,not_configured,,User-provided Papilio demoleus multilingual T5 table 2026-07-08,generated_translation,reviewed,medium,medium,T
papilio_demoleus_multilingual_t5,Papilio demoleus multilingual T5,2026-07-static-v1,001,,Papilio demoleus,curated:papilio-demoleus,Papilio demoleus,साइट्रस पुतरी,mai,Deva,001,species,not_configured,,User-provided Papilio demoleus multilingual T5 table 2026-07-08,generated_translation,reviewed,medium,medium,T
papilio_demoleus_multilingual_t5,Papilio demoleus multilingual T5,2026-07-static-v1,001,,Papilio demoleus,curated:papilio-demoleus,Papilio demoleus,သံပရာ လိပ်ပြာ,mya,Mymr,001,species,not_configured,,User-provided Papilio demoleus multilingual T5 table 2026-07-08,generated_translation,reviewed,medium,medium,T
papilio_demoleus_multilingual_t5,Papilio demoleus multilingual T5,2026-07-static-v1,001,,Papilio demoleus,curated:papilio-demoleus,Papilio demoleus,စစ်ထရပ် လိပ်ပြာ,mya,Mymr,001,species,not_configured,,User-provided Papilio demoleus multilingual T5 table 2026-07-08,generated_translation,reviewed,medium,medium,T
papilio_demoleus_multilingual_t5,Papilio demoleus multilingual T5,2026-07-static-v1,001,,Papilio demoleus,curated:papilio-demoleus,Papilio demoleus,មេអំបៅក្រូចឆ្មារ,khm,Khmr,001,species,not_configured,,User-provided Papilio demoleus multilingual T5 table 2026-07-08,generated_translation,reviewed,medium,medium,T
papilio_demoleus_multilingual_t5,Papilio demoleus multilingual T5,2026-07-static-v1,001,,Papilio demoleus,curated:papilio-demoleus,Papilio demoleus,មេអំបៅក្រូច,khm,Khmr,001,species,not_configured,,User-provided Papilio demoleus multilingual T5 table 2026-07-08,generated_translation,reviewed,medium,medium,T
papilio_demoleus_multilingual_t5,Papilio demoleus multilingual T5,2026-07-static-v1,001,,Papilio demoleus,curated:papilio-demoleus,Papilio demoleus,ຜີເສື້ອໝາກນາວ,lao,Laoo,001,species,not_configured,,User-provided Papilio demoleus multilingual T5 table 2026-07-08,generated_translation,reviewed,medium,medium,T
papilio_demoleus_multilingual_t5,Papilio demoleus multilingual T5,2026-07-static-v1,001,,Papilio demoleus,curated:papilio-demoleus,Papilio demoleus,ຜີເສື້ອສົ້ມ,lao,Laoo,001,species,not_configured,,User-provided Papilio demoleus multilingual T5 table 2026-07-08,generated_translation,reviewed,medium,medium,T
papilio_demoleus_multilingual_t5,Papilio demoleus multilingual T5,2026-07-static-v1,001,,Papilio demoleus,curated:papilio-demoleus,Papilio demoleus,Rama-rama limau,msa,Latn,001,species,not_configured,,User-provided Papilio demoleus multilingual T5 table 2026-07-08,generated_translation,reviewed,medium,medium,T
papilio_demoleus_multilingual_t5,Papilio demoleus multilingual T5,2026-07-static-v1,001,,Papilio demoleus,curated:papilio-demoleus,Papilio demoleus,rama-rama sitrus,msa,Latn,001,species,not_configured,,User-provided Papilio demoleus multilingual T5 table 2026-07-08,generated_translation,reviewed,medium,medium,T
papilio_demoleus_multilingual_t5,Papilio demoleus multilingual T5,2026-07-static-v1,001,,Papilio demoleus,curated:papilio-demoleus,Papilio demoleus,Kupu-kupu jeruk nipis,jav,Latn,001,species,not_configured,,User-provided Papilio demoleus multilingual T5 table 2026-07-08,generated_translation,reviewed,medium,medium,T
papilio_demoleus_multilingual_t5,Papilio demoleus multilingual T5,2026-07-static-v1,001,,Papilio demoleus,curated:papilio-demoleus,Papilio demoleus,kupu-kupu jeruk,jav,Latn,001,species,not_configured,,User-provided Papilio demoleus multilingual T5 table 2026-07-08,generated_translation,reviewed,medium,medium,T
papilio_demoleus_multilingual_t5,Papilio demoleus multilingual T5,2026-07-static-v1,001,,Papilio demoleus,curated:papilio-demoleus,Papilio demoleus,Kukupu jeruk nipis,sun,Latn,001,species,not_configured,,User-provided Papilio demoleus multilingual T5 table 2026-07-08,generated_translation,reviewed,medium,medium,T
papilio_demoleus_multilingual_t5,Papilio demoleus multilingual T5,2026-07-static-v1,001,,Papilio demoleus,curated:papilio-demoleus,Papilio demoleus,kukupu jeruk,sun,Latn,001,species,not_configured,,User-provided Papilio demoleus multilingual T5 table 2026-07-08,generated_translation,reviewed,medium,medium,T
papilio_demoleus_multilingual_t5,Papilio demoleus multilingual T5,2026-07-static-v1,001,,Papilio demoleus,curated:papilio-demoleus,Papilio demoleus,Kupu-kupu jeruk nipis,ban,Latn,001,species,not_configured,,User-provided Papilio demoleus multilingual T5 table 2026-07-08,generated_translation,reviewed,medium,medium,T
papilio_demoleus_multilingual_t5,Papilio demoleus multilingual T5,2026-07-static-v1,001,,Papilio demoleus,curated:papilio-demoleus,Papilio demoleus,Paruparong dayap,tgl,Latn,001,species,not_configured,,User-provided Papilio demoleus multilingual T5 table 2026-07-08,generated_translation,reviewed,medium,medium,T
papilio_demoleus_multilingual_t5,Papilio demoleus multilingual T5,2026-07-static-v1,001,,Papilio demoleus,curated:papilio-demoleus,Papilio demoleus,paruparong sitrus,tgl,Latn,001,species,not_configured,,User-provided Papilio demoleus multilingual T5 table 2026-07-08,generated_translation,reviewed,medium,medium,T
papilio_demoleus_multilingual_t5,Papilio demoleus multilingual T5,2026-07-static-v1,001,,Papilio demoleus,curated:papilio-demoleus,Papilio demoleus,Alibangbang sa dayap,ceb,Latn,001,species,not_configured,,User-provided Papilio demoleus multilingual T5 table 2026-07-08,generated_translation,reviewed,medium,medium,T
papilio_demoleus_multilingual_t5,Papilio demoleus multilingual T5,2026-07-static-v1,001,,Papilio demoleus,curated:papilio-demoleus,Papilio demoleus,alibangbang sa sitrus,ceb,Latn,001,species,not_configured,,User-provided Papilio demoleus multilingual T5 table 2026-07-08,generated_translation,reviewed,medium,medium,T
papilio_demoleus_multilingual_t5,Papilio demoleus multilingual T5,2026-07-static-v1,001,,Papilio demoleus,curated:papilio-demoleus,Papilio demoleus,Kulibangbang ti dalayap,ilo,Latn,001,species,not_configured,,User-provided Papilio demoleus multilingual T5 table 2026-07-08,generated_translation,reviewed,medium,medium,T
papilio_demoleus_multilingual_t5,Papilio demoleus multilingual T5,2026-07-static-v1,001,,Papilio demoleus,curated:papilio-demoleus,Papilio demoleus,kulibangbang ti sitrus,ilo,Latn,001,species,not_configured,,User-provided Papilio demoleus multilingual T5 table 2026-07-08,generated_translation,reviewed,medium,medium,T
papilio_demoleus_multilingual_t5,Papilio demoleus multilingual T5,2026-07-static-v1,001,,Papilio demoleus,curated:papilio-demoleus,Papilio demoleus,라임나비,kor,Kore,001,species,not_configured,,User-provided Papilio demoleus multilingual T5 table 2026-07-08,generated_translation,reviewed,medium,medium,T
papilio_demoleus_multilingual_t5,Papilio demoleus multilingual T5,2026-07-static-v1,001,,Papilio demoleus,curated:papilio-demoleus,Papilio demoleus,감귤나비,kor,Kore,001,species,not_configured,,User-provided Papilio demoleus multilingual T5 table 2026-07-08,generated_translation,reviewed,medium,medium,T
papilio_demoleus_multilingual_t5,Papilio demoleus multilingual T5,2026-07-static-v1,001,,Papilio demoleus,curated:papilio-demoleus,Papilio demoleus,лаймын эрвээхэй,mon,Cyrl,001,species,not_configured,,User-provided Papilio demoleus multilingual T5 table 2026-07-08,generated_translation,reviewed,medium,medium,T
papilio_demoleus_multilingual_t5,Papilio demoleus multilingual T5,2026-07-static-v1,001,,Papilio demoleus,curated:papilio-demoleus,Papilio demoleus,цитрусын эрвээхэй,mon,Cyrl,001,species,not_configured,,User-provided Papilio demoleus multilingual T5 table 2026-07-08,generated_translation,reviewed,medium,medium,T
papilio_demoleus_multilingual_t5,Papilio demoleus multilingual T5,2026-07-static-v1,001,,Papilio demoleus,curated:papilio-demoleus,Papilio demoleus,лайм көбелегі,kaz,Cyrl,001,species,not_configured,,User-provided Papilio demoleus multilingual T5 table 2026-07-08,generated_translation,reviewed,medium,medium,T
papilio_demoleus_multilingual_t5,Papilio demoleus multilingual T5,2026-07-static-v1,001,,Papilio demoleus,curated:papilio-demoleus,Papilio demoleus,цитрус көбелегі,kaz,Cyrl,001,species,not_configured,,User-provided Papilio demoleus multilingual T5 table 2026-07-08,generated_translation,reviewed,medium,medium,T
papilio_demoleus_multilingual_t5,Papilio demoleus multilingual T5,2026-07-static-v1,001,,Papilio demoleus,curated:papilio-demoleus,Papilio demoleus,лайм көпөлөгү,kir,Cyrl,001,species,not_configured,,User-provided Papilio demoleus multilingual T5 table 2026-07-08,generated_translation,reviewed,medium,medium,T
papilio_demoleus_multilingual_t5,Papilio demoleus multilingual T5,2026-07-static-v1,001,,Papilio demoleus,curated:papilio-demoleus,Papilio demoleus,цитрус көпөлөгү,kir,Cyrl,001,species,not_configured,,User-provided Papilio demoleus multilingual T5 table 2026-07-08,generated_translation,reviewed,medium,medium,T
papilio_demoleus_multilingual_t5,Papilio demoleus multilingual T5,2026-07-static-v1,001,,Papilio demoleus,curated:papilio-demoleus,Papilio demoleus,Laym kapalagi,uzb,Latn,001,species,not_configured,,User-provided Papilio demoleus multilingual T5 table 2026-07-08,generated_translation,reviewed,medium,medium,T
papilio_demoleus_multilingual_t5,Papilio demoleus multilingual T5,2026-07-static-v1,001,,Papilio demoleus,curated:papilio-demoleus,Papilio demoleus,sitrus kapalagi,uzb,Latn,001,species,not_configured,,User-provided Papilio demoleus multilingual T5 table 2026-07-08,generated_translation,reviewed,medium,medium,T
papilio_demoleus_multilingual_t5,Papilio demoleus multilingual T5,2026-07-static-v1,001,,Papilio demoleus,curated:papilio-demoleus,Papilio demoleus,шабпараки лайм,tgk,Cyrl,001,species,not_configured,,User-provided Papilio demoleus multilingual T5 table 2026-07-08,generated_translation,reviewed,medium,medium,T
papilio_demoleus_multilingual_t5,Papilio demoleus multilingual T5,2026-07-static-v1,001,,Papilio demoleus,curated:papilio-demoleus,Papilio demoleus,шабпараки ситрусӣ,tgk,Cyrl,001,species,not_configured,,User-provided Papilio demoleus multilingual T5 table 2026-07-08,generated_translation,reviewed,medium,medium,T
papilio_demoleus_multilingual_t5,Papilio demoleus multilingual T5,2026-07-static-v1,001,,Papilio demoleus,curated:papilio-demoleus,Papilio demoleus,Laým kebeleği,tuk,Latn,001,species,not_configured,,User-provided Papilio demoleus multilingual T5 table 2026-07-08,generated_translation,reviewed,medium,medium,T
papilio_demoleus_multilingual_t5,Papilio demoleus multilingual T5,2026-07-static-v1,001,,Papilio demoleus,curated:papilio-demoleus,Papilio demoleus,sitrus kebeleği,tuk,Latn,001,species,not_configured,,User-provided Papilio demoleus multilingual T5 table 2026-07-08,generated_translation,reviewed,medium,medium,T
papilio_demoleus_multilingual_t5,Papilio demoleus multilingual T5,2026-07-static-v1,001,,Papilio demoleus,curated:papilio-demoleus,Papilio demoleus,лайм күбәләге,tat,Cyrl,001,species,not_configured,,User-provided Papilio demoleus multilingual T5 table 2026-07-08,generated_translation,reviewed,medium,medium,T
papilio_demoleus_multilingual_t5,Papilio demoleus multilingual T5,2026-07-static-v1,001,,Papilio demoleus,curated:papilio-demoleus,Papilio demoleus,цитрус күбәләге,tat,Cyrl,001,species,not_configured,,User-provided Papilio demoleus multilingual T5 table 2026-07-08,generated_translation,reviewed,medium,medium,T
papilio_demoleus_multilingual_t5,Papilio demoleus multilingual T5,2026-07-static-v1,001,,Papilio demoleus,curated:papilio-demoleus,Papilio demoleus,лайм күбәләге,bak,Cyrl,001,species,not_configured,,User-provided Papilio demoleus multilingual T5 table 2026-07-08,generated_translation,reviewed,medium,medium,T
papilio_demoleus_multilingual_t5,Papilio demoleus multilingual T5,2026-07-static-v1,001,,Papilio demoleus,curated:papilio-demoleus,Papilio demoleus,цитрус күбәләге,bak,Cyrl,001,species,not_configured,,User-provided Papilio demoleus multilingual T5 table 2026-07-08,generated_translation,reviewed,medium,medium,T
papilio_demoleus_multilingual_t5,Papilio demoleus multilingual T5,2026-07-static-v1,001,,Papilio demoleus,curated:papilio-demoleus,Papilio demoleus,Flutura e limës,sqi,Latn,001,species,not_configured,,User-provided Papilio demoleus multilingual T5 table 2026-07-08,generated_translation,reviewed,medium,medium,T
papilio_demoleus_multilingual_t5,Papilio demoleus multilingual T5,2026-07-static-v1,001,,Papilio demoleus,curated:papilio-demoleus,Papilio demoleus,flutura e agrumeve,sqi,Latn,001,species,not_configured,,User-provided Papilio demoleus multilingual T5 table 2026-07-08,generated_translation,reviewed,medium,medium,T
papilio_demoleus_multilingual_t5,Papilio demoleus multilingual T5,2026-07-static-v1,001,,Papilio demoleus,curated:papilio-demoleus,Papilio demoleus,Limaren tximeleta,eus,Latn,001,species,not_configured,,User-provided Papilio demoleus multilingual T5 table 2026-07-08,generated_translation,reviewed,medium,medium,T
papilio_demoleus_multilingual_t5,Papilio demoleus multilingual T5,2026-07-static-v1,001,,Papilio demoleus,curated:papilio-demoleus,Papilio demoleus,zitrikoen tximeleta,eus,Latn,001,species,not_configured,,User-provided Papilio demoleus multilingual T5 table 2026-07-08,generated_translation,reviewed,medium,medium,T
papilio_demoleus_multilingual_t5,Papilio demoleus multilingual T5,2026-07-static-v1,001,,Papilio demoleus,curated:papilio-demoleus,Papilio demoleus,Papallona de la llima,cat,Latn,001,species,not_configured,,User-provided Papilio demoleus multilingual T5 table 2026-07-08,generated_translation,reviewed,medium,medium,T
papilio_demoleus_multilingual_t5,Papilio demoleus multilingual T5,2026-07-static-v1,001,,Papilio demoleus,curated:papilio-demoleus,Papilio demoleus,papallona dels cítrics,cat,Latn,001,species,not_configured,,User-provided Papilio demoleus multilingual T5 table 2026-07-08,generated_translation,reviewed,medium,medium,T
papilio_demoleus_multilingual_t5,Papilio demoleus multilingual T5,2026-07-static-v1,001,,Papilio demoleus,curated:papilio-demoleus,Papilio demoleus,Bolboreta da lima,glg,Latn,001,species,not_configured,,User-provided Papilio demoleus multilingual T5 table 2026-07-08,generated_translation,reviewed,medium,medium,T
papilio_demoleus_multilingual_t5,Papilio demoleus multilingual T5,2026-07-static-v1,001,,Papilio demoleus,curated:papilio-demoleus,Papilio demoleus,bolboreta dos cítricos,glg,Latn,001,species,not_configured,,User-provided Papilio demoleus multilingual T5 table 2026-07-08,generated_translation,reviewed,medium,medium,T
papilio_demoleus_multilingual_t5,Papilio demoleus multilingual T5,2026-07-static-v1,001,,Papilio demoleus,curated:papilio-demoleus,Papilio demoleus,Parpalhon de la lima,oci,Latn,001,species,not_configured,,User-provided Papilio demoleus multilingual T5 table 2026-07-08,generated_translation,reviewed,medium,medium,T
papilio_demoleus_multilingual_t5,Papilio demoleus multilingual T5,2026-07-static-v1,001,,Papilio demoleus,curated:papilio-demoleus,Papilio demoleus,parpalhon dels agrums,oci,Latn,001,species,not_configured,,User-provided Papilio demoleus multilingual T5 table 2026-07-08,generated_translation,reviewed,medium,medium,T
papilio_demoleus_multilingual_t5,Papilio demoleus multilingual T5,2026-07-static-v1,001,,Papilio demoleus,curated:papilio-demoleus,Papilio demoleus,Féileacán líoma,gle,Latn,001,species,not_configured,,User-provided Papilio demoleus multilingual T5 table 2026-07-08,generated_translation,reviewed,medium,medium,T
papilio_demoleus_multilingual_t5,Papilio demoleus multilingual T5,2026-07-static-v1,001,,Papilio demoleus,curated:papilio-demoleus,Papilio demoleus,féileacán citris,gle,Latn,001,species,not_configured,,User-provided Papilio demoleus multilingual T5 table 2026-07-08,generated_translation,reviewed,medium,medium,T
papilio_demoleus_multilingual_t5,Papilio demoleus multilingual T5,2026-07-static-v1,001,,Papilio demoleus,curated:papilio-demoleus,Papilio demoleus,Dealan-dè lime,gla,Latn,001,species,not_configured,,User-provided Papilio demoleus multilingual T5 table 2026-07-08,generated_translation,reviewed,medium,medium,T
papilio_demoleus_multilingual_t5,Papilio demoleus multilingual T5,2026-07-static-v1,001,,Papilio demoleus,curated:papilio-demoleus,Papilio demoleus,dealain-dè citris,gla,Latn,001,species,not_configured,,User-provided Papilio demoleus multilingual T5 table 2026-07-08,generated_translation,reviewed,medium,medium,T
papilio_demoleus_multilingual_t5,Papilio demoleus multilingual T5,2026-07-static-v1,001,,Papilio demoleus,curated:papilio-demoleus,Papilio demoleus,Glöyn byw leim,cym,Latn,001,species,not_configured,,User-provided Papilio demoleus multilingual T5 table 2026-07-08,generated_translation,reviewed,medium,medium,T
papilio_demoleus_multilingual_t5,Papilio demoleus multilingual T5,2026-07-static-v1,001,,Papilio demoleus,curated:papilio-demoleus,Papilio demoleus,glöyn byw sitrws,cym,Latn,001,species,not_configured,,User-provided Papilio demoleus multilingual T5 table 2026-07-08,generated_translation,reviewed,medium,medium,T
papilio_demoleus_multilingual_t5,Papilio demoleus multilingual T5,2026-07-static-v1,001,,Papilio demoleus,curated:papilio-demoleus,Papilio demoleus,Balafenn lime,bre,Latn,001,species,not_configured,,User-provided Papilio demoleus multilingual T5 table 2026-07-08,generated_translation,reviewed,medium,medium,T
papilio_demoleus_multilingual_t5,Papilio demoleus multilingual T5,2026-07-static-v1,001,,Papilio demoleus,curated:papilio-demoleus,Papilio demoleus,balafenn sitrus,bre,Latn,001,species,not_configured,,User-provided Papilio demoleus multilingual T5 table 2026-07-08,generated_translation,reviewed,medium,medium,T
papilio_demoleus_multilingual_t5,Papilio demoleus multilingual T5,2026-07-static-v1,001,,Papilio demoleus,curated:papilio-demoleus,Papilio demoleus,Lime-Päiperlek,ltz,Latn,001,species,not_configured,,User-provided Papilio demoleus multilingual T5 table 2026-07-08,generated_translation,reviewed,medium,medium,T
papilio_demoleus_multilingual_t5,Papilio demoleus multilingual T5,2026-07-static-v1,001,,Papilio demoleus,curated:papilio-demoleus,Papilio demoleus,Zitrus-Päiperlek,ltz,Latn,001,species,not_configured,,User-provided Papilio demoleus multilingual T5 table 2026-07-08,generated_translation,reviewed,medium,medium,T
papilio_demoleus_multilingual_t5,Papilio demoleus multilingual T5,2026-07-static-v1,001,,Papilio demoleus,curated:papilio-demoleus,Papilio demoleus,Farfett tal-lajm,mlt,Latn,001,species,not_configured,,User-provided Papilio demoleus multilingual T5 table 2026-07-08,generated_translation,reviewed,medium,medium,T
papilio_demoleus_multilingual_t5,Papilio demoleus multilingual T5,2026-07-static-v1,001,,Papilio demoleus,curated:papilio-demoleus,Papilio demoleus,farfett taċ-ċitru,mlt,Latn,001,species,not_configured,,User-provided Papilio demoleus multilingual T5 table 2026-07-08,generated_translation,reviewed,medium,medium,T
papilio_demoleus_multilingual_t5,Papilio demoleus multilingual T5,2026-07-static-v1,001,,Papilio demoleus,curated:papilio-demoleus,Papilio demoleus,Fluture de lime,ron,Latn,001,species,not_configured,,User-provided Papilio demoleus multilingual T5 table 2026-07-08,generated_translation,reviewed,medium,medium,T
papilio_demoleus_multilingual_t5,Papilio demoleus multilingual T5,2026-07-static-v1,001,,Papilio demoleus,curated:papilio-demoleus,Papilio demoleus,fluture al citricelor,ron,Latn,001,species,not_configured,,User-provided Papilio demoleus multilingual T5 table 2026-07-08,generated_translation,reviewed,medium,medium,T
papilio_demoleus_multilingual_t5,Papilio demoleus multilingual T5,2026-07-static-v1,001,,Papilio demoleus,curated:papilio-demoleus,Papilio demoleus,Lemmetjieskoenlapper,afr,Latn,001,species,not_configured,,User-provided Papilio demoleus multilingual T5 table 2026-07-08,generated_translation,reviewed,medium,medium,T
papilio_demoleus_multilingual_t5,Papilio demoleus multilingual T5,2026-07-static-v1,001,,Papilio demoleus,curated:papilio-demoleus,Papilio demoleus,sitrus-skoenlapper,afr,Latn,001,species,not_configured,,User-provided Papilio demoleus multilingual T5 table 2026-07-08,generated_translation,reviewed,medium,medium,T
papilio_demoleus_multilingual_t5,Papilio demoleus multilingual T5,2026-07-static-v1,001,,Papilio demoleus,curated:papilio-demoleus,Papilio demoleus,Kipepeo wa ndimu,swa,Latn,001,species,not_configured,,User-provided Papilio demoleus multilingual T5 table 2026-07-08,generated_translation,reviewed,medium,medium,T
papilio_demoleus_multilingual_t5,Papilio demoleus multilingual T5,2026-07-static-v1,001,,Papilio demoleus,curated:papilio-demoleus,Papilio demoleus,kipepeo wa jamii ya machungwa,swa,Latn,001,species,not_configured,,User-provided Papilio demoleus multilingual T5 table 2026-07-08,generated_translation,reviewed,medium,medium,T
papilio_demoleus_multilingual_t5,Papilio demoleus multilingual T5,2026-07-static-v1,001,,Papilio demoleus,curated:papilio-demoleus,Papilio demoleus,Uviyaviyana welamula,zul,Latn,001,species,not_configured,,User-provided Papilio demoleus multilingual T5 table 2026-07-08,generated_translation,reviewed,medium,medium,T
papilio_demoleus_multilingual_t5,Papilio demoleus multilingual T5,2026-07-static-v1,001,,Papilio demoleus,curated:papilio-demoleus,Papilio demoleus,uviyaviyana we-citrus,zul,Latn,001,species,not_configured,,User-provided Papilio demoleus multilingual T5 table 2026-07-08,generated_translation,reviewed,medium,medium,T
papilio_demoleus_multilingual_t5,Papilio demoleus multilingual T5,2026-07-static-v1,001,,Papilio demoleus,curated:papilio-demoleus,Papilio demoleus,Ibhabhathane lelayim,xho,Latn,001,species,not_configured,,User-provided Papilio demoleus multilingual T5 table 2026-07-08,generated_translation,reviewed,medium,medium,T
papilio_demoleus_multilingual_t5,Papilio demoleus multilingual T5,2026-07-static-v1,001,,Papilio demoleus,curated:papilio-demoleus,Papilio demoleus,ibhabhathane le-citrus,xho,Latn,001,species,not_configured,,User-provided Papilio demoleus multilingual T5 table 2026-07-08,generated_translation,reviewed,medium,medium,T
papilio_demoleus_multilingual_t5,Papilio demoleus multilingual T5,2026-07-static-v1,001,,Papilio demoleus,curated:papilio-demoleus,Papilio demoleus,Labalábá ọsan límù,yor,Latn,001,species,not_configured,,User-provided Papilio demoleus multilingual T5 table 2026-07-08,generated_translation,reviewed,medium,medium,T
papilio_demoleus_multilingual_t5,Papilio demoleus multilingual T5,2026-07-static-v1,001,,Papilio demoleus,curated:papilio-demoleus,Papilio demoleus,labalábá sítóorọ̀sì,yor,Latn,001,species,not_configured,,User-provided Papilio demoleus multilingual T5 table 2026-07-08,generated_translation,reviewed,medium,medium,T
papilio_demoleus_multilingual_t5,Papilio demoleus multilingual T5,2026-07-static-v1,001,,Papilio demoleus,curated:papilio-demoleus,Papilio demoleus,Urukurubụba laịm,ibo,Latn,001,species,not_configured,,User-provided Papilio demoleus multilingual T5 table 2026-07-08,generated_translation,reviewed,medium,medium,T
papilio_demoleus_multilingual_t5,Papilio demoleus multilingual T5,2026-07-static-v1,001,,Papilio demoleus,curated:papilio-demoleus,Papilio demoleus,urukurubụba citrus,ibo,Latn,001,species,not_configured,,User-provided Papilio demoleus multilingual T5 table 2026-07-08,generated_translation,reviewed,medium,medium,T
papilio_demoleus_multilingual_t5,Papilio demoleus multilingual T5,2026-07-static-v1,001,,Papilio demoleus,curated:papilio-demoleus,Papilio demoleus,Malam-buɗe ido na lemun tsami,hau,Latn,001,species,not_configured,,User-provided Papilio demoleus multilingual T5 table 2026-07-08,generated_translation,reviewed,medium,medium,T
papilio_demoleus_multilingual_t5,Papilio demoleus multilingual T5,2026-07-static-v1,001,,Papilio demoleus,curated:papilio-demoleus,Papilio demoleus,na citrus,hau,Latn,001,species,not_configured,,User-provided Papilio demoleus multilingual T5 table 2026-07-08,generated_translation,reviewed,medium,medium,T
papilio_demoleus_multilingual_t5,Papilio demoleus multilingual T5,2026-07-static-v1,001,,Papilio demoleus,curated:papilio-demoleus,Papilio demoleus,የላይም ቢራቢሮ,amh,Ethi,001,species,not_configured,,User-provided Papilio demoleus multilingual T5 table 2026-07-08,generated_translation,reviewed,medium,medium,T
papilio_demoleus_multilingual_t5,Papilio demoleus multilingual T5,2026-07-static-v1,001,,Papilio demoleus,curated:papilio-demoleus,Papilio demoleus,የሲትረስ ቢራቢሮ,amh,Ethi,001,species,not_configured,,User-provided Papilio demoleus multilingual T5 table 2026-07-08,generated_translation,reviewed,medium,medium,T
papilio_demoleus_multilingual_t5,Papilio demoleus multilingual T5,2026-07-static-v1,001,,Papilio demoleus,curated:papilio-demoleus,Papilio demoleus,ናይ ላይም ጽንብላሊዕ,tir,Ethi,001,species,not_configured,,User-provided Papilio demoleus multilingual T5 table 2026-07-08,generated_translation,reviewed,medium,medium,T
papilio_demoleus_multilingual_t5,Papilio demoleus multilingual T5,2026-07-static-v1,001,,Papilio demoleus,curated:papilio-demoleus,Papilio demoleus,ናይ ሲትረስ ጽንብላሊዕ,tir,Ethi,001,species,not_configured,,User-provided Papilio demoleus multilingual T5 table 2026-07-08,generated_translation,reviewed,medium,medium,T
papilio_demoleus_multilingual_t5,Papilio demoleus multilingual T5,2026-07-static-v1,001,,Papilio demoleus,curated:papilio-demoleus,Papilio demoleus,Balanbaalis liin dhanaan,som,Latn,001,species,not_configured,,User-provided Papilio demoleus multilingual T5 table 2026-07-08,generated_translation,reviewed,medium,medium,T
papilio_demoleus_multilingual_t5,Papilio demoleus multilingual T5,2026-07-static-v1,001,,Papilio demoleus,curated:papilio-demoleus,Papilio demoleus,balanbaalis liin-macaan,som,Latn,001,species,not_configured,,User-provided Papilio demoleus multilingual T5 table 2026-07-08,generated_translation,reviewed,medium,medium,T
papilio_demoleus_multilingual_t5,Papilio demoleus multilingual T5,2026-07-static-v1,001,,Papilio demoleus,curated:papilio-demoleus,Papilio demoleus,Billaacha laayimii,orm,Latn,001,species,not_configured,,User-provided Papilio demoleus multilingual T5 table 2026-07-08,generated_translation,reviewed,medium,medium,T
papilio_demoleus_multilingual_t5,Papilio demoleus multilingual T5,2026-07-static-v1,001,,Papilio demoleus,curated:papilio-demoleus,Papilio demoleus,billaacha sitrasii,orm,Latn,001,species,not_configured,,User-provided Papilio demoleus multilingual T5 table 2026-07-08,generated_translation,reviewed,medium,medium,T
papilio_demoleus_multilingual_t5,Papilio demoleus multilingual T5,2026-07-static-v1,001,,Papilio demoleus,curated:papilio-demoleus,Papilio demoleus,Ikinyugunyugu cya layimu,kin,Latn,001,species,not_configured,,User-provided Papilio demoleus multilingual T5 table 2026-07-08,generated_translation,reviewed,medium,medium,T
papilio_demoleus_multilingual_t5,Papilio demoleus multilingual T5,2026-07-static-v1,001,,Papilio demoleus,curated:papilio-demoleus,Papilio demoleus,icy’indimu,kin,Latn,001,species,not_configured,,User-provided Papilio demoleus multilingual T5 table 2026-07-08,generated_translation,reviewed,medium,medium,T
papilio_demoleus_multilingual_t5,Papilio demoleus multilingual T5,2026-07-static-v1,001,,Papilio demoleus,curated:papilio-demoleus,Papilio demoleus,Ikinyugunyugu ca layimu,run,Latn,001,species,not_configured,,User-provided Papilio demoleus multilingual T5 table 2026-07-08,generated_translation,reviewed,medium,medium,T
papilio_demoleus_multilingual_t5,Papilio demoleus multilingual T5,2026-07-static-v1,001,,Papilio demoleus,curated:papilio-demoleus,Papilio demoleus,ic’indimu,run,Latn,001,species,not_configured,,User-provided Papilio demoleus multilingual T5 table 2026-07-08,generated_translation,reviewed,medium,medium,T
papilio_demoleus_multilingual_t5,Papilio demoleus multilingual T5,2026-07-static-v1,001,,Papilio demoleus,curated:papilio-demoleus,Papilio demoleus,Gulugufe wa laimu,nya,Latn,001,species,not_configured,,User-provided Papilio demoleus multilingual T5 table 2026-07-08,generated_translation,reviewed,medium,medium,T
papilio_demoleus_multilingual_t5,Papilio demoleus multilingual T5,2026-07-static-v1,001,,Papilio demoleus,curated:papilio-demoleus,Papilio demoleus,gulugufe wa citrus,nya,Latn,001,species,not_configured,,User-provided Papilio demoleus multilingual T5 table 2026-07-08,generated_translation,reviewed,medium,medium,T
papilio_demoleus_multilingual_t5,Papilio demoleus multilingual T5,2026-07-static-v1,001,,Papilio demoleus,curated:papilio-demoleus,Papilio demoleus,Shavishavi rerayimu,sna,Latn,001,species,not_configured,,User-provided Papilio demoleus multilingual T5 table 2026-07-08,generated_translation,reviewed,medium,medium,T
papilio_demoleus_multilingual_t5,Papilio demoleus multilingual T5,2026-07-static-v1,001,,Papilio demoleus,curated:papilio-demoleus,Papilio demoleus,shavishavi recitrus,sna,Latn,001,species,not_configured,,User-provided Papilio demoleus multilingual T5 table 2026-07-08,generated_translation,reviewed,medium,medium,T
papilio_demoleus_multilingual_t5,Papilio demoleus multilingual T5,2026-07-static-v1,001,,Papilio demoleus,curated:papilio-demoleus,Papilio demoleus,Lolo sokay,mlg,Latn,001,species,not_configured,,User-provided Papilio demoleus multilingual T5 table 2026-07-08,generated_translation,reviewed,medium,medium,T
papilio_demoleus_multilingual_t5,Papilio demoleus multilingual T5,2026-07-static-v1,001,,Papilio demoleus,curated:papilio-demoleus,Papilio demoleus,lolo voasary makirana,mlg,Latn,001,species,not_configured,,User-provided Papilio demoleus multilingual T5 table 2026-07-08,generated_translation,reviewed,medium,medium,T
papilio_demoleus_multilingual_t5,Papilio demoleus multilingual T5,2026-07-static-v1,001,,Papilio demoleus,curated:papilio-demoleus,Papilio demoleus,Papiyon sitwon vèt,hat,Latn,001,species,not_configured,,User-provided Papilio demoleus multilingual T5 table 2026-07-08,generated_translation,reviewed,medium,medium,T
papilio_demoleus_multilingual_t5,Papilio demoleus multilingual T5,2026-07-static-v1,001,,Papilio demoleus,curated:papilio-demoleus,Papilio demoleus,papiyon sitris,hat,Latn,001,species,not_configured,,User-provided Papilio demoleus multilingual T5 table 2026-07-08,generated_translation,reviewed,medium,medium,T
papilio_demoleus_multilingual_t5,Papilio demoleus multilingual T5,2026-07-static-v1,001,,Papilio demoleus,curated:papilio-demoleus,Papilio demoleus,Papilio limettae,lat,Latn,001,species,not_configured,,User-provided Papilio demoleus multilingual T5 table 2026-07-08,generated_translation,reviewed,medium,medium,T
papilio_demoleus_multilingual_t5,Papilio demoleus multilingual T5,2026-07-static-v1,001,,Papilio demoleus,curated:papilio-demoleus,Papilio demoleus,papilio citri viridis,lat,Latn,001,species,not_configured,,User-provided Papilio demoleus multilingual T5 table 2026-07-08,generated_translation,reviewed,medium,medium,T
papilio_demoleus_multilingual_t5,Papilio demoleus multilingual T5,2026-07-static-v1,001,,Papilio demoleus,curated:papilio-demoleus,Papilio demoleus,Limeta papilio,epo,Latn,001,species,not_configured,,User-provided Papilio demoleus multilingual T5 table 2026-07-08,generated_translation,reviewed,medium,medium,T
papilio_demoleus_multilingual_t5,Papilio demoleus multilingual T5,2026-07-static-v1,001,,Papilio demoleus,curated:papilio-demoleus,Papilio demoleus,citrusa papilio,epo,Latn,001,species,not_configured,,User-provided Papilio demoleus multilingual T5 table 2026-07-08,generated_translation,reviewed,medium,medium,T
papilio_demoleus_multilingual_t5,Papilio demoleus multilingual T5,2026-07-static-v1,001,,Papilio demoleus,curated:papilio-demoleus,Papilio demoleus,Pulelehua laima,haw,Latn,001,species,not_configured,,User-provided Papilio demoleus multilingual T5 table 2026-07-08,generated_translation,reviewed,medium,medium,T
papilio_demoleus_multilingual_t5,Papilio demoleus multilingual T5,2026-07-static-v1,001,,Papilio demoleus,curated:papilio-demoleus,Papilio demoleus,pulelehua ʻalani,haw,Latn,001,species,not_configured,,User-provided Papilio demoleus multilingual T5 table 2026-07-08,generated_translation,reviewed,medium,medium,T
papilio_demoleus_multilingual_t5,Papilio demoleus multilingual T5,2026-07-static-v1,001,,Papilio demoleus,curated:papilio-demoleus,Papilio demoleus,Pūrerehua raima,mri,Latn,001,species,not_configured,,User-provided Papilio demoleus multilingual T5 table 2026-07-08,generated_translation,reviewed,medium,medium,T
papilio_demoleus_multilingual_t5,Papilio demoleus multilingual T5,2026-07-static-v1,001,,Papilio demoleus,curated:papilio-demoleus,Papilio demoleus,pūrerehua ārani,mri,Latn,001,species,not_configured,,User-provided Papilio demoleus multilingual T5 table 2026-07-08,generated_translation,reviewed,medium,medium,T
papilio_demoleus_multilingual_t5,Papilio demoleus multilingual T5,2026-07-static-v1,001,,Papilio demoleus,curated:papilio-demoleus,Papilio demoleus,Pepe laima,smo,Latn,001,species,not_configured,,User-provided Papilio demoleus multilingual T5 table 2026-07-08,generated_translation,reviewed,medium,medium,T
papilio_demoleus_multilingual_t5,Papilio demoleus multilingual T5,2026-07-static-v1,001,,Papilio demoleus,curated:papilio-demoleus,Papilio demoleus,pepe moli,smo,Latn,001,species,not_configured,,User-provided Papilio demoleus multilingual T5 table 2026-07-08,generated_translation,reviewed,medium,medium,T
papilio_demoleus_multilingual_t5,Papilio demoleus multilingual T5,2026-07-static-v1,001,,Papilio demoleus,curated:papilio-demoleus,Papilio demoleus,Pepe laimi,ton,Latn,001,species,not_configured,,User-provided Papilio demoleus multilingual T5 table 2026-07-08,generated_translation,reviewed,medium,medium,T
papilio_demoleus_multilingual_t5,Papilio demoleus multilingual T5,2026-07-static-v1,001,,Papilio demoleus,curated:papilio-demoleus,Papilio demoleus,pepe moli,ton,Latn,001,species,not_configured,,User-provided Papilio demoleus multilingual T5 table 2026-07-08,generated_translation,reviewed,medium,medium,T
papilio_demoleus_multilingual_t5,Papilio demoleus multilingual T5,2026-07-static-v1,001,,Papilio demoleus,curated:papilio-demoleus,Papilio demoleus,Bebe laimi,fij,Latn,001,species,not_configured,,User-provided Papilio demoleus multilingual T5 table 2026-07-08,generated_translation,reviewed,medium,medium,T
papilio_demoleus_multilingual_t5,Papilio demoleus multilingual T5,2026-07-static-v1,001,,Papilio demoleus,curated:papilio-demoleus,Papilio demoleus,bebe sitarasi,fij,Latn,001,species,not_configured,,User-provided Papilio demoleus multilingual T5 table 2026-07-08,generated_translation,reviewed,medium,medium,T
papilio_demoleus_multilingual_t5,Papilio demoleus multilingual T5,2026-07-static-v1,001,,Papilio demoleus,curated:papilio-demoleus,Papilio demoleus,Laim bataflai,tpi,Latn,001,species,not_configured,,User-provided Papilio demoleus multilingual T5 table 2026-07-08,generated_translation,reviewed,medium,medium,T
papilio_demoleus_multilingual_t5,Papilio demoleus multilingual T5,2026-07-static-v1,001,,Papilio demoleus,curated:papilio-demoleus,Papilio demoleus,sitrus bataflai,tpi,Latn,001,species,not_configured,,User-provided Papilio demoleus multilingual T5 table 2026-07-08,generated_translation,reviewed,medium,medium,T
papilio_demoleus_multilingual_t5,Papilio demoleus multilingual T5,2026-07-static-v1,001,,Papilio demoleus,curated:papilio-demoleus,Papilio demoleus,Lima panambi,grn,Latn,001,species,not_configured,,User-provided Papilio demoleus multilingual T5 table 2026-07-08,generated_translation,reviewed,medium,medium,T
papilio_demoleus_multilingual_t5,Papilio demoleus multilingual T5,2026-07-static-v1,001,,Papilio demoleus,curated:papilio-demoleus,Papilio demoleus,cítrico panambi,grn,Latn,001,species,not_configured,,User-provided Papilio demoleus multilingual T5 table 2026-07-08,generated_translation,reviewed,medium,medium,T
papilio_demoleus_multilingual_t5,Papilio demoleus multilingual T5,2026-07-static-v1,001,,Papilio demoleus,curated:papilio-demoleus,Papilio demoleus,Lima pillpintu,que,Latn,001,species,not_configured,,User-provided Papilio demoleus multilingual T5 table 2026-07-08,generated_translation,reviewed,medium,medium,T
papilio_demoleus_multilingual_t5,Papilio demoleus multilingual T5,2026-07-static-v1,001,,Papilio demoleus,curated:papilio-demoleus,Papilio demoleus,sitrus pillpintu,que,Latn,001,species,not_configured,,User-provided Papilio demoleus multilingual T5 table 2026-07-08,generated_translation,reviewed,medium,medium,T
papilio_demoleus_multilingual_t5,Papilio demoleus multilingual T5,2026-07-static-v1,001,,Papilio demoleus,curated:papilio-demoleus,Papilio demoleus,Lima pilpintu,aym,Latn,001,species,not_configured,,User-provided Papilio demoleus multilingual T5 table 2026-07-08,generated_translation,reviewed,medium,medium,T
papilio_demoleus_multilingual_t5,Papilio demoleus multilingual T5,2026-07-static-v1,001,,Papilio demoleus,curated:papilio-demoleus,Papilio demoleus,sitrus pilpintu,aym,Latn,001,species,not_configured,,User-provided Papilio demoleus multilingual T5 table 2026-07-08,generated_translation,reviewed,medium,medium,T
